-689
-486
-367
-294
-798
-493
-581
-439
-503
-269
-1209
-394
-342
-565
-176
-104
-741
-405
-243
-503
-381
-1479
-709
-544
-180
-226
-185
-297
-95
-59
-459
-29
-935
-124
-472
-685
-11
-49
-101
-93
-68
-481
-291
-53
-69
-7
-147
-24
-24
-12
-6
-19
-10
-17
-22
-21
-3
-3
-19
-5
-12
-20
-21
-19
-19
-13
-25
-22
-5
-37
-7
-14
-20
-11
-1
-11
-5
-10
-17
-19
-10
-6
-24
-29
-18
-11
-9
-13
-7
-16
-13
-6
-18
-19
-15
-14
-6
-13
-10
-29
1
-7
-13
-18
-8
-5
5
-13
-18
-16
-11
-12
-3
-31
-15
-15
-23
-12
-16
-17
-11
-17
-12
-3
-8
0
-7
-6
-9
-4
-17
-20
-9
-4
-13
-1
-19
-17
-12
-10
-8
-14
-9
-14
-8
-21
-22
-12
-5
-26
-8
-1
-2
-11
-19
-1
-4
-16
-17
-9
-16
-24
-10
-7
-2
-18
-18
-20
-19
-21
-22
0
0
-9
-21
-9
-10
-18
-20
-14
-12
-15
-14
-12
-9
-11
-3
-12
-17
-11
-7
-16
-15
-13
-5
-14
-19
-15
-7
-20
-31
-5
-26
-7
-10
-3
-14
-9
-8
-19
-9
-9
-9
-20
-12
-16
-12
-11
-8
-18
-12
-9
-8
-21
-5
-17
-14
-6
-12
-11
-5
-18
-13
-5
-11
-5
-27
-23
-15
-7
-15
-24
-8
-11
-27
-21
-16
-13
-15
-4
-9
-14
-13
-18
-17
-16
-9
-12
-5
-14
-11
-22
-8
-15
-15
-6
-20
-36
-52
-16
-10
-4
-14
-21
-4
-9
-18
-12
-9
-8
-9
-9
-9
-13
-10
-11
-21
-15
-12
-14
-10
-3
-1
-9
-9
-6
-12
-20
-17
-13
-11
-4
-11
-8
-11
-1
-29
-17
-7
-15
-11
-8
-10
-1
-6
-20
-11
-6
-18
-8
-18
-10
-9
-20
-4
-16
-9
-13
-18
-23
-9
-1
-25
-26
-10
-2
-14
-21
-11
-4
-10
-6
-2
-14
-10
-7
-20
-12
-18
-11
-11
0
-11
-3
-4
-15
-13
-6
-6
-17
-24
-21
-6
-8
-15
-14
-18
-7
-8
-18
-19
-19
-8
-24
-19
-8
-9
-23
-11
-7
-5
-3
-8
-12
-8
-11
-10
-1
-5
-13
-7
-4
-6
-4
-14
-9
-5
-3
-5
-12
-4
-14
-3
-10
-14
-8
-1
-12
-6
-12
-4
-11
-11
-9
-17
-11
-9
-17
-10
-8
-6
-13
-23
-7
-15
-13
-15
-4
-12
-18
-9
-7
-21
-7
-18
-12
-3
-8
-4
-28
-10
-13
-17
-12
-13
-4
-6
0
-13
3
-6
-4
-8
-6
-23
-19
-4
-8
-25
-6
-11
-14
-14
-14
-16
-11
-13
-26
-11
-7
-6
-16
-1
-3
-15
-6
-20
-33
-11
-15
-14
-19
-6
-11
-16
-1
-19
-3
-13
-15
-5
-11
-3
-22
-13
-12
-5
-4
-12
-11
-5
-16
-15
-5
-17
-19
-8
-10
-3
-5
-4
-9
-7
-24
-9
-7
-24
-11
-22
-9
-7
-14
-9
-12
-25
-13
-17
5
-12
-14
-19
-12
-6
-11
-14
-12
-13
-16
-27
-14
-19
-11
-11
-14
-12
-18
-10
-28
-16
-5
-13
-11
-11
-28
-17
