3600
2273
2298
2069
5189
3494
3962
2714
3087
1977
7644
2375
2364
3764
1329
561
4784
2356
1657
3116
2834
9631
4507
3364
1224
1630
968
1759
534
464
3343
254
5893
951
3558
4982
100
397
638
567
458
3208
1939
374
514
175
1162
187
146
144
117
156
138
157
138
140
119
100
168
87
118
166
175
135
138
108
217
155
91
269
114
249
139
109
94
102
98
138
172
142
110
99
173
163
150
108
130
191
142
154
114
117
155
153
132
131
107
115
106
185
111
134
145
124
133
144
90
128
130
137
115
133
113
178
130
128
154
157
122
137
127
123
131
102
147
89
105
92
130
95
152
146
107
96
115
88
123
188
126
140
126
145
112
146
85
176
170
105
102
143
121
100
90
119
147
85
103
143
121
141
126
175
94
96
97
135
127
120
132
134
185
95
99
115
159
108
113
161
154
117
151
125
132
134
96
148
103
118
132
137
110
138
126
118
109
137
119
132
109
145
156
104
151
124
123
91
110
139
104
147
122
130
117
155
128
144
113
133
98
149
140
113
139
129
99
120
126
91
98
102
148
139
144
109
136
104
140
153
135
128
128
176
124
151
146
160
132
114
119
94
125
129
136
137
153
133
140
122
123
142
132
121
126
122
170
128
150
242
376
121
129
110
139
156
90
119
147
161
111
92
111
128
125
121
140
102
125
129
132
108
127
79
89
137
106
103
150
188
119
134
119
96
97
119
126
84
157
104
97
124
137
114
105
88
113
128
114
104
134
108
126
127
133
139
86
124
118
107
124
147
109
95
136
173
93
90
124
143
136
117
122
118
91
133
111
92
135
116
129
125
157
105
108
99
99
145
138
113
82
115
136
152
111
169
145
124
177
104
128
128
135
141
118
136
131
127
126
119
129
145
94
97
106
106
116
163
163
89
152
161
118
117
91
103
145
115
88
94
94
141
127
170
101
136
174
104
105
122
134
115
126
120
147
121
142
103
95
144
123
124
112
184
139
103
120
119
125
115
127
145
137
103
137
111
136
103
111
121
115
167
129
93
145
141
133
122
109
96
115
118
112
113
107
100
139
172
93
117
150
92
106
160
120
134
151
143
127
142
126
151
110
120
111
105
124
94
167
181
113
133
155
141
102
129
117
103
158
108
124
145
99
99
82
177
144
121
96
103
160
115
92
121
141
106
148
106
130
122
123
114
106
94
117
144
102
105
171
135
181
131
111
174
114
136
137
155
145
105
93
115
153
125
110
147
111
137
107
147
200
130
137
144
142
95
120
113
118
154
116
93
129
108
167
160
113
