-868
-708
-1250
-1187
-459
-552
-739
-490
-789
-312
-276
-202
-704
-987
-707
-204
-740
-260
-565
-267
-192
-377
-337
-299
-334
-956
-184
-57
-289
-98
-501
-705
-231
-141
-220
-438
-46
-96
-174
-55
-477
-84
-651
-879
-889
-362
-179
-1395
-541
-265
-146
-31
-187
-947
-192
-47
-25
-109
-170
-51
-5
-11
-27
-14
-21
-8
-6
-13
-9
-19
-3
-28
-12
-8
-9
-17
-14
-15
-23
-19
-13
-23
-12
-6
-16
-23
-14
-20
-17
-1
-9
-14
-2
-10
-14
-23
-9
-6
-10
-13
-23
-20
-22
-24
-4
-16
-17
-14
-20
-13
-9
-6
-13
-12
-12
-25
2
-2
-24
-19
-16
-21
-13
-8
-18
-43
-12
-14
-11
-11
-22
-14
-11
-14
3
-15
-23
-24
-8
-10
-14
-7
-13
-5
-54
-20
-4
-5
-9
