4604
3645
7739
8032
3274
3658
4505
2927
4609
1895
1607
1319
5375
6851
4423
1467
4306
1745
4035
1509
1127
2361
2265
1774
2291
6047
1464
407
1757
550
2956
4967
1271
820
1626
2951
228
625
744
365
3352
392
4810
6340
6531
2142
1526
9791
3826
1602
929
352
1711
7137
1320
287
160
877
1287
427
105
184
168
120
133
134
114
131
132
121
124
311
144
118
134
148
123
130
144
126
125
154
137
94
141
125
137
188
138
82
93
117
99
127
130
178
122
136
117
121
186
151
138
159
96
143
113
123
144
106
94
110
122
116
134
177
72
90
162
131
139
137
138
112
119
371
135
139
117
114
189
129
128
134
88
115
154
154
98
102
124
119
125
116
329
154
103
93
106
