1994
8019
2929
2379
5703
1683
637
2974
4780
3890
792
5274
2039
4318
1681
555
5602
2446
467
524
384
971
1464
6033
2720
2168
1054
3435
2892
603
7691
1977
4717
3964
1798
4060
12864
211
7391
378
1242
684
345
1758
246
3257
204
3256
358
1288
343
164
240
238
140
135
109
120
137
155
156
99
121
110
115
138
124
105
107
98
146
91
124
128
110
108
107
124
108
174
111
170
128
118
147
117
111
109
135
129
106
102
113
226
112
106
126
99
123
113
124
169
138
117
93
210
130
129
114
135
106
128
137
152
133
113
90
86
227
138
106
137
111
156
144
101
87
89
123
116
114
121
130
123
151
92
183
169
147
88
120
114
167
159
122
116
147
134
109
151
149
159
141
138
177
112
111
135
112
213
154
184
141
126
146
175
115
126
140
128
90
163
152
90
339
155
89
110
104
92
164
106
108
131
123
113
147
120
130
104
100
149
124
86
111
124
111
139
101
146
126
102
159
143
100
184
87
82
122
102
152
116
174
92
139
119
119
125
101
133
132
124
134
111
98
117
107
146
134
136
138
155
109
92
132
114
135
140
152
104
141
149
110
178
148
108
106
149
175
127
126
134
116
136
114
140
139
183
118
90
171
128
129
136
155
111
132
146
147
105
148
114
101
154
145
109
127
103
156
131
78
116
136
107
134
114
186
104
172
127
137
121
124
124
107
157
121
102
166
74
144
204
128
131
132
130
129
117
132
98
178
111
164
119
133
124
134
123
155
111
74
133
123
135
182
123
119
153
176
154
124
164
132
151
147
126
160
141
212
158
139
108
114
113
99
115
110
117
109
102
136
132
89
120
128
128
138
124
132
148
98
84
128
76
110
140
137
125
131
158
160
92
144
130
125
120
160
