-405
-1269
-486
-324
-838
-303
-141
-497
-752
-622
-118
-834
-291
-590
-270
-87
-870
-368
-72
-110
-47
-181
-225
-836
-417
-308
-177
-474
-448
-83
-1061
-305
-733
-565
-273
-562
-1832
-22
-1090
-81
-216
-126
-74
-279
-31
-500
-27
-474
-49
-168
-45
-16
-32
-33
-21
-14
-9
-14
-13
-15
-22
-1
-20
-6
-7
-13
-4
-13
-15
-8
-26
-6
-4
-11
-14
-9
-5
-11
-12
-20
-12
-24
-13
-10
-11
-9
-2
-5
-20
-10
2
-10
-17
-26
-9
-3
-22
-5
-18
-12
-14
-26
-22
-6
-7
-21
-15
-12
-8
-14
-3
-18
-16
-16
-18
-7
-9
-5
-27
-18
-4
-22
-4
-17
-17
0
2
-3
-12
-11
-5
-14
-15
-16
-13
-2
-25
-30
-12
-8
-14
-17
-21
-16
-3
-7
-15
-17
-13
-22
-25
-21
-16
-15
-21
-10
-8
-10
-10
-32
-20
-15
-9
-8
-12
-13
-14
-7
-13
-15
-4
-12
-28
1
-33
-24
-7
-2
-10
-2
-18
-13
-11
-9
-13
-10
-13
-12
-15
-6
-12
-12
-9
-3
-8
-14
-9
-3
-5
-6
-19
-8
-15
-10
-11
-20
-2
0
-7
-5
-23
-13
-21
1
-15
-8
-6
-17
-4
-17
-14
-12
-23
-8
-16
-14
-14
-17
-16
-3
-9
-12
-6
4
-6
-10
-15
-20
-21
-12
-11
-17
-2
-20
-14
-6
-6
-11
-19
-7
-4
-12
-12
-14
-8
-9
-13
-16
-6
-2
-19
-2
-11
-8
-18
-12
-12
-9
-16
-10
-25
-8
-9
-19
-22
-11
-11
-11
-22
-6
-6
-16
-8
-10
-11
-10
-19
-7
-21
-2
-9
-8
-10
-8
-6
-23
-14
-11
-33
3
-16
-13
-16
-21
-11
-22
-10
-9
-10
2
-14
-15
-12
-11
-18
-14
-7
-13
-22
-13
-1
-12
-10
-14
-22
-7
-14
-15
-24
-15
-7
-20
-15
-19
-13
-12
-21
-8
-27
-17
-13
-12
-3
-6
-5
-14
-10
-10
-5
-6
-8
-7
-4
-14
-16
-7
-11
-10
-21
-10
-5
-1
-15
1
-4
-10
-14
-13
-14
-17
-20
-5
-13
-11
-12
-23
-14
