1352
1510
1978
3268
698
3513
1800
3997
1683
4329
753
1091
867
3662
3286
680
1626
789
1360
958
1790
1000
2006
1119
2391
307
500
2678
475
869
582
861
3208
482
338
661
247
2568
1476
1551
227
107
555
1658
210
2084
1594
275
623
550
415
229
514
651
432
340
526
153
174
124
200
233
231
428
223
535
260
100
101
131
179
132
106
156
146
100
125
119
109
175
123
115
95
99
141
123
101
126
119
142
130
151
123
120
113
179
105
128
167
113
108
99
127
115
788
113
131
125
131
136
178
89
168
115
111
117
128
145
125
124
108
95
116
137
133
117
153
149
125
715
112
102
107
117
173
91
118
135
102
103
109
124
101
148
113
105
122
115
127
122
160
117
127
138
141
148
118
148
114
102
204
98
117
104
108
126
103
146
116
142
89
103
109
131
138
119
132
116
154
99
174
133
107
148
135
120
117
127
117
134
103
144
173
142
99
113
106
83
105
87
116
129
154
87
104
129
118
118
89
143
127
101
94
114
128
110
129
158
84
103
136
117
106
128
93
173
127
121
108
134
110
142
106
178
129
