758
117
127
69
206
106
113
135
134
120
73
97
90
118
111
195
197
77
107
119
90
108
115
102
86
121
273
81
121
270
67
125
79
79
120
124
102
78
101
104
79
150
81
101
87
129
132
72
62
64
74
88
58
143
114
67
91
83
88
92
87
69
98
66
69
51
65
80
132
102
53
83
69
68
60
85
77
57
76
69
77
76
64
75
118
53
59
102
64
102
80
72
65
49
59
88
111
78
86
56
81
115
65
68
66
58
98
87
72
71
54
77
54
89
61
59
66
65
89
60
105
82
78
62
90
72
101
95
50
86
60
58
57
87
66
74
86
62
63
74
112
108
53
56
86
74
59
58
61
82
90
70
67
68
106
55
75
92
76
61
79
73
77
62
85
67
78
62
75
91
55
55
65
60
70
66
70
53
101
102
72
89
92
56
74
125
64
54
81
71
71
78
72
69
62
95
88
87
59
68
63
87
77
80
72
71
60
73
106
68
105
63
61
81
61
65
62
92
54
70
69
65
62
71
68
59
89
75
65
69
64
76
93
58
76
73
80
64
64
55
85
85
56
61
90
67
89
104
90
107
84
63
69
106
67
85
60
