-0.002956268768317616
2.063394361605287
1.042959436072733
4.069915721312027
2.970841497694621
3.8145433618344846
4.004956273093248
4.507280357153496
6.5551474461933825
5.0877194463185615
5.773964303153706
7.636236356429049
3.3188375285495915
4.656987805214629
6.407892463848756
6.525519439537569
4.322953255024522
7.38309314422276
7.723149462628749
7.055584016738477
7.335011031759726
4.296184458340453
5.118138535094588
7.808998998666073
5.224388221994725
2.736582247488369
3.540943250188083
7.154811465831978
5.475350987412766
6.509426761214416
6.772164922808746
7.223343621835515
4.450856110901143
6.929191697804679
6.114802384229824
7.025641610849556
6.964178583522461
5.281648816604897
4.358692312944438
-4.327407533596871
1.2864372521310274
-3.832526371738771
-5.948957246391186
-1.9966429832427905
-4.852450642801604
-2.8078810156988623
-3.0931856794011976
-3.6471189680909135
-3.6350468673382728
-3.8646626683203675
-3.956671975547449
-1.5876095472572889
-3.864512357896969
-0.1750011793750518
-4.361398811496744
-5.984256677563684
-1.5073055075802009
-5.622587052132911
-5.0639825729568875
0.2575808359738072
-3.7399289528526487
-3.584147516050595
-2.496170426592194
-5.1926043337882986
-1.8477936539073918
-0.7950766682704881
-5.175947649431029
-3.2000420600162744
-5.743515074694489
-2.938842076325571
-2.46893788023231
-3.914873082680198
-4.121673871493381
-5.8519759834112195
-5.349036974125579
-2.8826944631775593
-4.982493484752327
-1.5118691145752527
-0.996120264245066
-5.167251472413813
-5.161326504160478
-4.984270972745226
-3.723692077897236
-2.4940623646979634
-0.4375406137398812
-3.0888728381100385
-0.9992095920395246
-1.0843158035484455
-3.964855008047197
-4.897997211190663
-4.926104059273004
-5.409752852711765
-5.237515816095026
-2.645014824239922
-1.0568302654802952
-3.5130709466016987
-4.6668657946397305
-3.2217364423235
-0.1948455512875967
-2.335609733894415
-1.4814083277759231
-4.763022338493282
-2.0840642347257976
-4.276100168920161
-4.848138841435238
2.3531911815004607
-2.688903891185133
-4.252734827212376
-4.514588301330163
-5.569496458533754
-5.760335052594697
-4.459036843711994
-3.9562521663135404
-4.819177608807709
-1.8581522338511232
-5.306635462518899
-3.760815568139351
2.2157750726314984
-3.6060346908302785
-1.4175555281731895
2.917938679628967
-2.1916273419526324
-3.419075171686531
-3.970874996294283
-3.8673038141628395
-5.968373426965957
-2.436784221269691
-1.920356656817941
-6.037891211171366
-4.536021207087168
-4.65857898708805
-6.261788745221457
-2.2171908782010656
-3.9898413881201886
-0.6208057317077099
-1.6381995070436408
-3.606309715218903
-5.38647402434285
-3.1241206337207093
-0.8463661986072631
-1.7134979706674383
-1.3517700867638456
-3.87345517289429
-3.1039687237586744
-3.3989505512297153
-4.267075239943104
-2.2322864450186497
-4.416742806572648
-5.55552431966242
-4.79662670700172
-4.703228346606379
-4.125861324027458
-4.568941090140715
-5.694751519480873
-4.474405376336267
-2.114824935078653
-6.151059223598155
-5.389626968194944
-5.776594939022689
-5.773594770081064
-4.049775201518385
-3.614517657552112
-1.2248468222820312
-1.6602036388406907
-4.864185875365396
-5.455896026636789
-1.4057408979812391
-3.288034901291454
-4.771377881029444
-6.091597613249332
-2.6550427323783867
-4.750924266230233
-5.501668660641444
-1.102828077062498
-4.321396607910577
-5.039923801012658
-5.50012867365647
-4.3221333422409876
-4.835969435020866
-1.6402049348494734
-3.0904315439504706
-4.8581629775979716
-1.3505496983911813
-4.646108070935206
0.430484419960629
0.41462754804716906
-3.6278903157124267
-3.644309152817789
-3.8528893752659634
-2.498360547098845
0.3287297785836604
-2.4744890952393024
-3.410138129191434
-4.802263511107521
-4.431253433754985
-4.677268547862965
-3.6791277453330458
-5.144272726216937
-4.797609964428707
-3.0145000829938606
-2.485140855836992
-5.974368014427796
-3.338505717693484
-4.741368368146428
-4.021952485629332
-2.2435185365248658
-2.2717186933725664
-5.585872074743623
-4.823616305546132
-3.6602640772547113
-4.45641300181105
-3.8306363541489437
-2.642943849978226
-1.9597088267074392
-4.779384670439026
-4.992398012630262
-4.079189176805095
-4.484756204422826
-6.693457780228254
-4.9255341652516265
-3.4990639425539083
-6.361072534973634
-1.0776689679697886
-3.128635548349529
-6.044329718443188
-3.386462926129141
-5.526796691330927
-3.259927770857628
-2.8066047177059197
-2.2046168239919304
-4.299212518894015
-5.226438564683287
-2.4487373862510533
-5.3211029361090105
-3.6325347985009335
-6.549294067782499
-5.117634384021955
-3.8437380637315344
-4.244684879595183
-6.415007685786427
-4.8697181789512385
-1.5236621418110565
-5.48423789542751
-2.958595460730875
-6.299072100147319
-4.222548118007389
-5.0468776674944245
-5.088958387712829
-3.0254619859839926
-5.4837327350761775
-6.805610366155463
-5.030208587804441
-5.645747204356882
-1.8925266405672514
-3.5719098379685583
-1.7936572126232133
1.7211023245928505
-3.001116150104065
-4.201940420144255
-4.476121952248116
-1.7497280751241624
-2.226468071044839
-4.290299190513247
-2.0203395345999025
-4.9006237782056425
-4.130613705443311
-4.881538150544551
-2.818414173261485
-2.455662164544429
-1.8155808501732544
-6.687243477551142
-2.830718239519354
-3.0746163310056227
-5.23827860096769
-2.3787455238823627
-2.889643475018097
-2.3158617033822577
-2.622267697238726
-1.838092541843463
-3.034826903376765
1.8953883053701568
-3.9815016998933546
0.7113527621486273
1.532657430967177
-5.211995715568674
-3.4954002655128567
-5.873189414481572
-3.7330000318422116
-3.9550007974167687
-5.95793064988097
3.4042562866211936
-2.6916046317343523
-4.653707057958401
-4.144790273938575
-5.288827642792694
-3.166970868496733
-4.994134264306116
-3.4730206900908085
-6.074981304685317
-5.317936532842756
-5.332730657613233
-4.398840442453991
1.924465137598368
-0.6575152143841909
-4.784562749824966
-4.065571233257427
-2.538753253205173
-1.4208278061076556
-5.246203086367116
-2.3493795586971573
-4.927572218380974
-2.1993094886155786
-3.7938630483330456
-4.242763079784251
-0.06404712249193084
-0.5557980198213834
-4.993961213269958
-5.247866650964657
-3.677105180294045
-4.220346353999319
-4.540204852849365
-4.103874792226239
-4.081416530526977
-2.682393346483143
-3.7726639162080766
-3.7676950341151265
-2.9961602827279203
-4.562239444025462
-5.939149961065769
-4.987691583382641
-6.376234113122042
-3.003910619684163
-3.1345031311504155
-5.25261587721381
-3.097633702230492
-4.7046723862762425
-5.155715788446592
-5.6348490259969735
-0.7278002790859034
-4.650198972837918
-5.461552380011209
-2.241759340683596
-5.734017436092802
-4.886430383449738
-4.718505342141962
-3.3532391196624842
-5.747548252490971
-2.164268078125841
-5.185661343853567
-5.624747298409927
-4.1281551191872214
-3.899941445201601
6.21217407391141
-3.5101833665351347
-4.454727775978035
-0.4549371172472549
-4.9794012970579145
-3.4914461951752247
-5.484946526623919
-4.880165405835537
-6.159108113981855
-1.955042787385543
-3.848339085284489
-5.718418695537747
-3.2911967854089323
-5.329895188396645
-4.31682477608266
-5.136767063045694
-3.3588904189333784
-3.680674263678664
-5.4051543201012695
-3.7697670159513574
-3.0114277285286652
-5.26827444142143
-4.882328250378204
-2.63358352303165
1.2218115238541316
-6.245496092075034
-4.09310380325388
1.2879165985219796
-5.030145191015623
-3.346361601936234
-3.137037536416593
-2.8844112706078473
-3.851146248890328
-2.050769865153278
-5.221219631153506
-6.573268834891252
-3.702717836943021
-6.057172376146489
-5.201405582485631
-2.9977568696903165
-5.16298906433105
-3.648990930144458
-4.615896567230647
-1.8247861454689671
-4.39129904933068
-2.645493789108076
-1.4167273803152156
-2.0277857063624207
-6.307444586074721
-3.8435741729466044
-1.7974941865189842
-1.859062613967076
-3.400928319820852
-5.734617976055825
-2.0944873560810664
-3.3359950122187985
-2.9246060676046204
-3.150724246035963
-5.750523979606715
-3.8021313791424767
-1.999065866217953
-3.032190686676506
-4.239823610877286
-5.907115411053107
-4.656877890159583
-4.290272296622607
-1.8086330747994714
2.9352110423521065
-5.81359324423923
-3.7583766647609362
-3.2007622013692787
-5.083161122320863
-2.8262195219099895
-6.380236452768656
-5.311691591520177
-2.01676666886702
-3.2064880456951244
-5.672391863196306
-1.7204224083579394
2.7636993847471847
-2.7451552335868707
-4.193039806394057
-5.20542601312886
-4.103244110711105
3.355859825359382
-3.8658232907837617
-4.866028979666603
-6.035135115589692
-2.845019460991617
-4.0846112753432315
-5.474041036521194
-7.1097570014376466
-6.372625075877814
-4.278430905465164
-5.132488619092412
-5.323337455103658
-0.7881160807941737
-4.0368956327349075
-4.31753558956176
-6.185300181784108
-2.2339033180320285
-4.348421509455012
-3.933595592002058
-4.562839139215537
-3.2580185208882715
-4.642720764379268
-2.3251837732723883
-5.740965406982366
-5.4047588938750915
-4.896706487050341
0.588430493800435
-0.7359630186474441
-4.054204296889554
-0.9380584525040654
-3.9007019581594533
-6.011576162323153
-5.2747563607931545
-4.933224543556759
-1.7007399186943335
-5.191566002934379
-3.596348953276615
-4.184690576470568
-5.3995538151075015
-2.248516058864362
-5.38294147838997
-3.271550046047758
-4.122543259513655
-5.017782481405528
-3.1657558803283354
-5.36976846528175
-6.033571455513412
-0.8748199729436932
-2.1725477635971204
0.7806816238738215
-5.363482787439649
-2.437353180472119
-3.208264791470104
-4.546738223109335
-3.87814820885766
-2.0447240306697783
-3.5502275442748936
-3.442069059147861
-4.479452653179567
-4.156856378986923
-6.062392695000973
-4.5280949363372365
-3.8702674887760042
-4.068864378823104
-5.356724677614176
-4.882932531563882
-4.918843784747008
-4.550967187851445
-5.266948096272555
-2.8646405429147643
-3.192925848543049
-5.485358622536024
0.8023396372481009
-3.4686462658379273
-4.70831279244031
-4.699655961944031
-0.44300823369958353
-1.7242811838457845
-4.117831570552062
-2.0605992530887547
-4.838955733775686
-4.84333173369048
-5.3380701924077325
-5.248018551919611
-4.9646099714115515
-4.494925879537325
-4.06295651210094
-6.491763627862557
-4.440098180164215
-4.177886062011607
-5.654865739379253
-5.385731419989603
-4.743937131890593
-4.612766331177159
-0.8099772255944928
0.22447500409315174
-3.8135266117571494
-3.8025632143769803
-4.234043007884963
-5.178924439250766
-1.9765831868819037
-5.726037086764084
-4.418704446895347
-5.3995590179652
-3.1333180206172977
-6.62618787457147
-2.8540550871069876
-4.907210985733891
-6.020146961351239
-5.1214373095761845
-4.079105828435058
-5.7153162081761835
-1.4090182683172505
-4.394152129451597
-4.234299216003299
-2.088837878970492
-3.188433600889022
-0.5285282469477791
-1.8205785553590241
-4.511699462974604
-4.0007296846664895
-4.585660935298095
-5.277879852977358
-4.174426648222812
-1.160836008205959
-2.1539024242760343
-0.06694692177026113
-2.762985663822795
-0.937069680802496
-6.020654019660579
-3.3094002690772415
-3.724839941921488
-2.305889995657559
-3.549688283448771
-3.634792929973868
-3.665425587231782
-2.129067627252089
-4.54340540851597
-1.2500987079199393
-1.2624587667201972
-5.333802481673363
-4.959153162900347
-3.1979365135091693
0.8619125464596452
-4.663124051491044
-3.965948888854975
-3.632718120299125
-4.391957522489375
-4.258009669697948
-3.6959259878340434
-4.911141788840175
-5.508968487407858
-2.2784272480281413
0.9954799209534879
-1.9562924553313965
-2.470502551317022
-4.106798795367746
-5.848469509286656
-2.6940649813643285
-5.485244711894605
-5.198786359704952
-5.933858806631166
-3.373475163779263
-5.5194439401254
-1.7320109022468193
-3.8143655989767735
-2.7592375744263986
-4.254156534678023
-3.5000039551122932
-5.391479307800799
-4.9084887480951185
-3.1737367486138264
-2.2685435135603145
-3.21455702737303
-5.054503497155418
-6.065644850024879
-5.442743143935681
-6.0767027509337534
-4.226158490564384
-3.0113772172491995
1.1041321518885525
0.7083345002374479
-2.1137756194541404
-3.3682308876971354
-5.080183249140223
-2.4499714108333723
-5.065181808244736
-3.9730072069172913
-5.200048683000906
-6.369760796453403
-4.222963238973386
-4.4062122528924546
-3.8764781681346085
-6.647208967958311
-5.45614026841786
-4.4102656917534855
-4.896716314039432
-4.367181677956733
-3.3943937656317082
-4.533663996163998
-4.506656481340468
-3.0435415526281058
-2.2114878584361892
-5.0059471520640555
-5.457427399165862
-2.5654608044781844
-3.2976291142187324
-0.9608156726706102
-2.9181487966825457
-5.040862204674366
-4.0779598075580745
-0.8728809483124169
-1.4103282467740976
-3.767097246116185
-4.512714996091488
-5.349536548283643
-0.07032008674934968
-4.138157079318676
2.1256618147374833
-3.844994725583889
-2.4610851655895707
-3.834769379395226
-0.5492232425726356
-4.721059522448042
-4.199887172498792
-4.490818039446932
-5.486511950363731
-2.7933446186243787
-1.7744287630680413
-3.894509232858127
-4.649870839231341
-6.800563992994326
-4.922291733358102
-3.8044695211895556
-4.858381253613758
-5.106055818178999
-4.304952923729442
-4.5774459906804115
-2.814488696181083
-4.106699796980763
2.046599486043678
0.17250471745990723
-6.568710112757401
-1.1155943970994004
-4.0382150993095625
0.9897305193417122
-2.24014169659215
-1.2856552574444233
-5.589550031646996
-2.615339320624828
-4.824998757148047
-1.3405390812566191
-4.399499702056401
-2.6894623088587326
-2.4821323254444074
-4.0035805012346755
-3.5210527701058636
-4.832045291186084
-3.5320440640614765
-3.105638866703594
-5.705040121070823
-3.184890502064625
1.5975000912626052
-2.5313445591786286
-4.0980353259625355
-3.616410199186102
-5.012205131917371
-5.607477371895128
-4.858438965631731
-4.8798050419511325
-2.2477071847761048
-0.9782116900349574
-5.708502167383087
-5.672655617633486
-5.694754336874715
-3.313632298729254
-1.6774131543429798
-1.4726794824261633
-0.14728114496170028
0.2720146304057148
-2.895090281122803
-2.62123916971009
-2.6106555886493545
-2.198961643259272
1.4297404791376687
-2.2104343046607084
-3.4069996824042623
-4.113869636050804
-5.912570646189348
-5.429168413403467
-2.4766620842785345
-2.8497350250922087
-5.42744623442512
-4.920228312245684
-5.8582957016579
-2.3143496912206736
-3.1227520375779285
-5.068655846750395
0.5154821457686222
-4.758934954883272
-0.10814753685981537
-2.4700393934636704
-5.684731596958111
-6.345579893795148
-5.554296826148267
-3.9961585221028657
-4.444483749678425
-4.713231169934386
-4.612444051204583
-3.609438384047447
-3.7387532892260666
-6.664234495485204
-2.251482019719807
3.521265806709632
-2.4231413192548956
-4.407200534962389
-2.4998444068339434
-5.145498086905576
-4.600145891601661
-4.969820251400576
-5.874980698014395
-6.006522632330984
-4.794530388637476
-4.451816123941493
-4.0515924109038455
-1.9894569481626672
-0.4216183704439837
-2.198028658652272
-0.8529459845275957
-5.52956496827131
1.6503362163689617
-7.050437127824047
-3.4687149082561706
-6.467087497235728
-4.876656971558101
-2.379192965595457
-2.588716699662247
-5.262968922294714
-3.370784339280198
-3.396814970100173
-2.9199390785378783
-0.8204543165482283
-3.5652969831249792
-0.6687556028224405
-1.94393979038224
-2.4922466454742827
-3.8110125099989314
-2.2973353942700965
-4.826588633964972
-3.7216212863332645
-2.0120140808469817
-2.110166503676079
0.6179504699615022
-0.6276233976278768
-6.800165000232589
-1.9765254154771776
-5.726872631901747
-0.7696127457796156
-2.620650722334943
-4.542006200334621
-6.8176085595427045
-2.1200051349184004
-0.5976258655598055
-4.301009420917945
-3.327713773422235
-3.4973315119215647
-4.8139721904165045
-4.325767032843888
-5.575791534459345
-5.826755325593694
-5.207196147126216
-2.8497349726318686
-2.0379701774061063
-4.099054234241823
-5.173290018958679
-4.88243627146866
-4.088030513455276
-5.2486206372497115
-6.022063812854856
-5.621109691469888
-4.426049593103284
-5.728308265835609
-1.500207796517398
-3.59119052564094
-5.4779385756892145
-6.480627680639605
-4.161173096367888
-2.6655481149492495
-3.2793092368522347
-4.090170057068641
-5.201364610154307
-5.628440244808255
-0.6165694137433562
-4.780062582209079
-0.7099596975814704
-4.008588982301724
-4.9404422229084055
-4.435665233899847
-4.489982767336518
-3.4906645834577295
-2.9314928844652997
-2.6096201576455034
-3.5712002788800885
-2.2350898441530855
-3.193952983697669
-3.408166522229813
-2.478156573957479
-3.48973277441465
-5.513654932677339
-2.662098148340622
1.6920275771690862
-4.235482559382716
-2.239799263091649
-1.5362484454783276
0.18659026621646038
-2.2130351548005502
-3.4525681024360027
-4.218091979411009
-0.7343811525365419
-2.1741788231733916
-4.1617044145229904
-4.797345397876841
-3.800773737805904
-2.1492286703225236
-4.808315246525015
-0.3522950971010436
-5.424795051788229
2.741224866789687
-2.667601481863892
-2.4340889900087195
-2.7493616813612194
-2.625977946125259
-4.708288707415943
-3.6509469290891428
-0.31693747169679964
-3.1384608308942874
-2.803952247110093
-3.0863245570028575
0.7136461668759988
-4.3095206461349145
-5.8262147158885345
-2.2254547322584113
-2.412269362890576
0.4370382125693292
0.727498850577128
-4.611095155409904
-2.9420547590765893
-3.031372927114745
-2.981477854174256
-4.392752976469711
-5.824869259264468
-3.837370692567888
-4.1768750407310415
-3.1404249720142743
-3.7623747120423046
-3.529891987306936
-3.4071354624318224
-5.702037353374225
-3.6215743973981853
-5.148588239886044
1.1078225934312413
-3.810961154749501
-3.980199796239626
-4.629138836034268
-1.7352342011726518
-0.9858234768846653
-5.566664544275949
-4.065761023848137
-3.7883147318962385
1.1438323856618553
-5.92890008566007
-3.953873242848642
-4.972083668567749
-5.600789988481404
0.18021187398542904
-3.7846475859684823
-1.4579699699859345
-6.505173362845188
-4.288233940975507
-2.1883765080465363
-4.503129325793167
-3.488223407650107
-5.668457098782258
-4.790965686963867
-6.182172398595895
-6.534604131653522
-4.82171378251422
0.8610783480762787
-1.2088358885257802
-5.9694889028323725
-0.3930719097908365
-3.9396714700367363
-6.098529923712735
-0.7717104943283892
-4.243421740227913
-3.1101121791251556
-5.260514969953395
-3.3823079336249275
-1.6933460886038663
-5.7691220504040315
-4.626390003495839
1.9680641703266275
-5.849488275561396
-4.319213243841388
1.2127329402039269
-1.0192317184601951
-5.422079018800526
-5.068597572798659
-6.131784155323066
-4.465144458376363
-2.3073890146197122
-4.550560352032301
-5.568143132711669
-3.4655555571126255
-3.399042686586695
-3.9039682053457923
-1.5938976614894214
-5.3124473748005805
-4.745999095592963
-3.8554612890493356
-5.613801334219972
-5.110946707674668
0.268475828275353
-2.414068685767278
-3.3869611318395845
-6.082145734247678
-5.971972995516065
-3.650555793368541
-5.327192806945443
-2.9681279135714114
-2.2189130498455767
-1.001002974876572
-0.49063242830586484
-4.651484553491997
-3.0334542170236887
-3.2392619625330226
-5.24649966819038
-2.6677124700936066
-5.344904483604283
-1.1408435647290154
-2.2602604529106207
-4.993638121182695
-3.277166230621363
-3.3560649229335575
-4.827503842068683
-5.063888739228523
-5.2530081603524295
-5.275448125468552
-4.132298786485053
-1.8687576346505292
-3.8864087313929923
-6.668899112403682
-4.235337086958917
-0.8639325285880436
1.923986653905959
-3.156260278577052
-1.0658175743249942
-6.045248751109602
-4.120653953853475
-6.557318978544202
-2.368449173813417
-3.716604736525592
-1.4913662651495707
-3.8923465695388813
-2.0445271235319744
